1 

410 

1333 

0.308 

2 

100 

387 

0.258 

3 

191 

273 

0.700 

4 

125 

198 

0.631 

5 

147 

238 

0.618 

6 

207 

279 

0.742 

7 

185 

272 

0.680 

8 

186 

268 

0.694 

9 

109 

154 

0.708 

10 

115 

174 

0.661 

11 

15 

288 

0.052 

12 

2 

9 

0.222 

13 

2 

10 

0.200 

14 

2 

10 

0.200 

15 

35 

103 

0.340 

16 

15 

81 

0.185 

17 

13 

32 

0.406 

18 

40 

65 

0.615 

19 

25 

84 

0.298 

20 

27 

161 

0.168 

21 

10 

62 

0.161 

22 

25 

126 

0.198 

23 

120 

191 

0.628 

24 

1500 

3897 

0.385 

25 

7 

26 

0.269 

26 

12 

44 

0.273 

27 

7 

26 

0.269 

28 

7 

26 

0.269 

29 

10 

70 

0.143 

30 

2 

4 

0.500 

31 

2 

26 

0.077 

32 

3 

5 

0.600 

33 

2 

9 

0.222 

34 

60 

244 

0.246 

35 

3 

3 

1.000 

36 

250 

328 

0.762 

37 

60 

285 

0.211 

38 

6 

54 

0.111 

39 

15 

288 

0.052 

40 

200 

732 

0.273 

41 

35 

110 

0.318 

42 

2000 

4416 

0.453 

43 

120 

575 

0.209 

44 

950 

283 

3.357 

45 

40 

329 

0.122 

46 

20 

160 

0.125 

47 

15 

100 

0.150 

48 

45 

276 

0.163 

49 

50 

230 

0.217 

50 

45 

153 

0.294 

51 

30 

157 

0.191 

52 

80 

331 

0.242 

53 

30 

187 

0.160 